13 13
0 0 5 2. 1.0
  68090.411677               0.28412905423D-03
  10207.540822               0.22020699743D-02
   2322.8045854              0.11433443851D-01
    656.88653838             0.46284585620D-01
    212.96694104             0.14910565793
0 0 1 2. 1.0
     75.724716585            1.0000000000
0 0 2 0 1.0
     29.076320024            0.41663518108
     11.859623934            0.18978371361
0 0 1 0 1.0
      3.3162153181           1.0000000000
0 0 1 2. 1.0
      1.1754788791           1.0000000000
0 0 1 0 1.0
      0.17520528550          1.0000000000
0 0 1 0 1.0
      0.64758746484D-01      1.0000000000
0 2 5 6. 1.0
    442.79182587             0.16391118430D-02
    104.75988837             0.13143515460D-01
     33.375979447            0.61497708063D-01
     12.305387957            0.18825908851
      4.8642475706           0.36062611202
0 2 1 1. 1.0
      1.9604027100           1.0000000000
0 2 1 0 1.0
      0.78436733817          1.0000000000
0 2 1 0 1.0
      0.19014165079          1.0000000000
0 2 1 0 1.0
      0.55874372985D-01      1.0000000000
0 3 1 0 1.0
      0.300000               1.000000