7 10
0 0 5 2. 1.0
  11913.416756              -0.52297017365D-03
   1786.7213834             -0.40428404036D-02
    406.59012834            -0.20772715125D-01
    114.92525065            -0.81183137849D-01
     37.105883422           -0.23871497395
0 0 1 2. 1.0
     12.971676198            1.0000000000
0 0 1 0 1.0
      4.7302291164           1.0000000000
0 0 1 0 1.0
      1.2525184258           1.0000000000
0 0 1 0 1.0
      0.51260071231          1.0000000000
0 0 1 0 1.0
      0.17939714002          1.0000000000
0 2 4 3. 1.0
     49.218758392            0.55526953476D-02
     11.348935304            0.38054617957D-01
      3.4285088246           0.14941412242
      1.1799512559           0.34898187368
0 2 1 0 1.0
      0.41726122577          1.0000000000
0 2 1 0 1.0
      0.14295131280          1.0000000000
0 3 1 0 1.0
      1.000000000              1.000000