7 10
0 0 5 2. 1.0
  11913.416756              -0.52297017365D-03
   1786.7213834             -0.40428404036D-02
    406.59012834            -0.20772715125D-01
    114.92525065            -0.81183137849D-01
     37.105883422           -0.23871497395
0 0 1 2. 1.0
     12.971676198            1.0000000000
0 0 1 0 1.0
      4.7302291164           1.0000000000
0 0 1 0 1.0
      1.2525184258           1.0000000000
0 0 1 0 1.0
      0.51260071231          1.0000000000
0 0 1 0 1.0
      0.17939714002          1.0000000000
0 2 4 3. 1.0
     49.218758392            0.55526953476D-02
     11.348935304            0.38054617957D-01
      3.4285088246           0.14941412242
      1.1799512559           0.34898187368
0 2 1 0 1.0
      0.41726122577          1.0000000000
0 2 1 0 1.0
      0.14295131280          1.0000000000
0 3 1 0 1.0
      0.3612294900           1.000000
13 13
0 0 5 2. 1.0
  68090.411677               0.28412905423D-03
  10207.540822               0.22020699743D-02
   2322.8045854              0.11433443851D-01
    656.88653838             0.46284585620D-01
    212.96694104             0.14910565793
0 0 1 2. 1.0
     75.724716585            1.0000000000
0 0 2 2. 1.0
     29.076320024            0.41663518108
     11.859623934            0.18978371361
0 0 1 0 1.0
      3.3162153181           1.0000000000
0 0 1 0  1.0
      1.1754788791           1.0000000000
0 0 1 0 1.0
      0.17520528550          1.0000000000
0 0 1 0 1.0
      0.15                   1.0000000000
0 2 5 6. 1.0
    442.79182587             0.16391118430D-02
    104.75988837             0.13143515460D-01
     33.375979447            0.61497708063D-01
     12.305387957            0.18825908851
      4.8642475706           0.36062611202
0 2 1 1. 1.0
      1.9604027100           1.0000000000
0 2 1 0 1.0
      0.78436733817          1.0000000000
0 2 1 0 1.0
      0.19014165079          1.0000000000
0 2 1 0 1.0
      0.15                   1.0000000000
0 3 1 0 1.0
      0.57798580000          1.000000
31 17
0 0 6 2. 1.0
 505335.63296                0.20973735734D-03
  75742.783844               0.16269717355D-02
  17239.466305               0.84741210878D-02
   4884.9379362              0.34571148247D-01
   1600.5426736              0.11286665876
    587.75692288             0.27673631539
0 0 2 2. 1.0
    234.30109797             0.38518444468
     95.611618032            0.30199565005
0 0 1 2. 1.0
     24.169750218            1.0000000000
0 0 1 0 1.0
     10.570603407            1.0000000000
0 0 1 0 1.0
      3.3873246666           1.0000000000
0 0 1 2. 1.0
      1.3329947879           1.0000000000
0 0 1 0. 1.0
      0.19249282002          1.0000000000
0 0 1 0 1.0
      0.15                   1.0000000000
0 2 3 6. 1.0
   2971.6078970              0.15991735684D-02
    705.19903787             0.13222475234D-01
    228.76520451             0.63791572879D-01
0 2 3 6. 1.0
     87.456391077            0.21775082725
     36.540231966            0.41394918898
     15.974579723            0.37538235687
0 2 1 1. 1.0
      6.8870611525           1.0000000000
0 2 2 0 1.0
      2.8318589081           0.58552518446
      1.1078009985           0.33671542689
0 2 1 0 1.0
      0.23450858657          1.0000000000
0 2 1 0 1.0
      0.15                   1.0000000000
0 3 4 10. 1.0
     65.344641807            0.27378344748D-01
     18.500577517            0.15105668772
      6.3162058406           0.37491843310
      2.1638832514           0.47510265366
0 3 1 0 1.0
      0.66688378425          1.0000000000
0 3 1 0 1.0
      0.2830723400           1.000000
99 0