31 17
0 0 6 2. 1.0
 505335.63296                0.20973735734D-03
  75742.783844               0.16269717355D-02
  17239.466305               0.84741210878D-02
   4884.9379362              0.34571148247D-01
   1600.5426736              0.11286665876
    587.75692288             0.27673631539
0 0 2 2. 1.0
    234.30109797             0.38518444468
     95.611618032            0.30199565005
0 0 1 2. 1.0
     24.169750218            1.0000000000
0 0 1 0 1.0
     10.570603407            1.0000000000
0 0 1 0 1.0
      3.3873246666           1.0000000000
0 0 1 2. 1.0
      1.3329947879           1.0000000000
0 0 1 0. 1.0
      0.19249282002          1.0000000000
0 0 1 0 1.0
      0.15                   1.0000000000
0 2 3 6. 1.0
   2971.6078970              0.15991735684D-02
    705.19903787             0.13222475234D-01
    228.76520451             0.63791572879D-01
0 2 3 6. 1.0
     87.456391077            0.21775082725
     36.540231966            0.41394918898
     15.974579723            0.37538235687
0 2 1 1. 1.0
      6.8870611525           1.0000000000
0 2 2 0 1.0
      2.8318589081           0.58552518446
      1.1078009985           0.33671542689
0 2 1 0 1.0
      0.23450858657          1.0000000000
0 2 1 0 1.0
      0.15                   1.0000000000
0 3 4 10. 1.0
     65.344641807            0.27378344748D-01
     18.500577517            0.15105668772
      6.3162058406           0.37491843310
      2.1638832514           0.47510265366
0 3 1 0 1.0
      0.66688378425          1.0000000000
0 3 1 0 1.0
      0.2830723400           1.000000